254227 0.238
254231 0.033
254232 0.109
254790 11.415
254852 0.781
254879 1.798
254905 4.357
254906 1.565
254907 1.071
254914 0.009
256630 1.019
256673 0.006
256674 0.097
256675 7.727
256676 45.374
256677 16.283
256729 70.149
256734 7.533
256801 9.289
256842 0.018
256843 53.086
256866 0.060
256867 4.884
256868 23.677
256869 1.613
256926 1.708
256936 31.776
256941 12.474
257394 1.736
257395 0.748
257396 11.886
257397 6.372
257399 14.021
257400 54.748
257461 3.273
257487 68.042
257490 34.821
257531 8.953
257599 5.278
257613 80.351
257614 0.899
257645 66.385
257682 14.060
257722 0.874
257723 6.416
257735 0.495
257751 28.892
257804 0.226
257805 18.192
257816 25.831
257819 16.070
257822 79.302
257823 8.785
257968 17.948
257969 41.763
258129 6.161
258136 3.834
258157 4.130
258158 112.331
258159 27.042
258177 123.717
258211 0.069
258213 11.576
258214 16.374
258215 0.444
258287 14.271
258403 15.948
258425 10.949
258426 0.809
258427 8.498
258428 25.004
258432 0.299
258434 32.645
258440 47.655
258443 17.718
258444 7.705
258445 17.379
258446 7.907
258448 37.691
258655 0.412
258656 27.562
258694 16.613
258702 31.593
258703 40.926
258705 8.216
258706 56.093
258712 36.912
258713 10.869
258714 4.463
258741 4.899
258742 65.373
258745 22.816
258749 49.264
258750 15.311
259626 11.258
259637 15.773
259681 2.006
259682 0.243
259683 7.914
259685 56.013
259686 27.371
259721 12.483
259809 14.370
259810 10.075
259811 7.640
259813 0.746
259817 0.363
259818 13.212
259820 12.560
259821 16.180
259822 32.870
259861 13.912
259862 46.033
259884 6.731
259890 9.883
259891 9.603
260373 10.981
260424 67.105
260425 26.829
260426 44.375
260427 22.994
260431 35.127
260528 0.025
260532 69.528
260533 1.195
260534 32.044
260536 15.129
260538 22.369
260541 1.830
260575 1.722
260576 51.541
260577 8.252
260593 35.893
260627 179.815
254227 0.238
254231 0.033
254232 0.109
254790 11.415
254852 0.780
254879 1.798
254905 4.357
254906 1.565
254907 1.071
256630 1.019
256673 0.006
256674 0.097
256675 7.727
256676 45.374
256677 16.283
256729 70.149
256734 7.533
256801 9.289
256842 0.018
256843 53.086
256866 0.060
256867 4.884
256868 23.677
256869 1.613
256926 1.708
256936 31.776
256941 12.474
257394 1.736
257395 0.748
257396 11.886
257397 6.372
257399 14.021
257400 54.748
257461 3.273
257487 68.042
257490 34.821
257531 8.953
257599 5.278
257613 80.351
257614 0.899
257645 66.385
257682 14.060
257722 0.874
257723 6.416
257735 0.494
257751 28.892
257804 0.226
257805 18.192
257816 25.831
257819 16.070
257822 79.302
257823 8.785
257968 17.948
257969 41.763
258129 6.161
258136 3.834
258157 4.130
258158 112.331
258159 27.042
258177 123.717
258213 11.567
258214 16.374
258215 0.444
258287 14.271
258403 15.942
258425 10.949
258426 0.809
258427 8.498
258428 25.004
258432 0.299
258434 32.645
258440 47.655
258443 17.718
258444 7.705
258445 17.379
258446 7.907
258448 37.691
258655 0.412
258656 27.562
258694 16.613
258702 31.593
258703 40.926
258705 8.216
258706 56.093
258712 36.912
258713 10.869
258714 4.463
258741 4.899
258742 65.373
258745 22.816
258749 49.264
258750 15.311
259626 11.254
259637 15.771
259681 2.006
259682 0.243
259683 7.914
259685 56.013
259686 27.371
259721 12.483
259809 14.370
259810 10.075
259811 7.640
259813 0.746
259817 0.363
259818 13.212
259820 12.560
259821 16.180
259822 32.870
259861 13.912
259862 46.033
259884 6.731
259890 9.883
259891 9.603
260373 10.981
260424 67.105
260425 26.829
260426 44.375
260427 22.994
260431 35.127
260532 69.528
260533 1.195
260534 32.044
260536 15.129
260538 22.369
260541 1.830
260575 1.722
260576 51.541
260577 8.252
260593 35.893
260627 179.815
254227 0.238
254231 0.033
254232 0.109
254790 11.415
254852 0.781
254879 1.798
254905 4.357
254906 1.565
254907 1.071
254914 0.009
256630 1.019
256673 0.006
256674 0.097
256675 7.727
256676 45.374
256677 16.283
256729 70.149
256734 7.533
256801 9.289
256842 0.018
256843 53.086
256866 0.060
256867 4.884
256868 23.677
256869 1.613
256926 1.708
256936 31.776
256941 12.474
257394 1.736
257395 0.748
257396 11.886
257397 6.372
257399 14.021
257400 54.748
257461 3.273
257487 68.042
257490 34.821
257531 8.953
257599 5.278
257613 80.351
257614 0.899
257645 66.385
257682 14.060
257722 0.874
257723 6.416
257735 0.495
257751 28.892
257804 0.226
257805 18.192
257816 25.831
257819 16.070
257822 79.302
257823 8.785
257968 17.948
257969 41.763
258129 6.161
258136 3.834
258157 4.130
258158 112.331
258159 27.042
258177 123.717
258211 0.069
258213 11.576
258214 16.374
258215 0.444
258287 14.271
258403 15.948
258425 10.949
258426 0.809
258427 8.498
258428 25.004
258432 0.299
258434 32.645
258440 47.655
258443 17.718
258444 7.705
258445 17.379
258446 7.907
258448 37.691
258655 0.412
258656 27.562
258694 16.613
258702 31.593
258703 40.926
258705 8.216
258706 56.093
258712 36.912
258713 10.869
258714 4.463
258741 4.899
258742 65.373
258745 22.816
258749 49.264
258750 15.311
259626 11.258
259637 15.773
259681 2.006
259682 0.243
259683 7.914
259685 56.013
259686 27.371
259721 12.483
259809 14.370
259810 10.075
259811 7.640
259813 0.746
259817 0.363
259818 13.212
259820 12.560
259821 16.180
259822 32.870
259861 13.912
259862 46.033
259884 6.731
259890 9.883
259891 9.603
260373 10.981
260424 67.105
260425 26.829
260426 44.375
260427 22.994
260431 35.127
260528 0.025
260532 69.528
260533 1.195
260534 32.044
260536 15.129
260538 22.369
260541 1.830
260575 1.722
260576 51.541
260577 8.252
260593 35.893
260627 179.815
254227 0.238
254231 0.033
254232 0.109
254790 2.283
254852 0.156
254879 0.360
254905 0.622
254906 0.224
254907 0.153
254914 0.000
256630 0.073
256673 0.000
256674 0.007
256675 0.552
256676 3.241
256677 1.163
256729 5.011
256734 0.538
256801 0.664
256842 0.001
256843 3.792
256866 0.004
256867 0.600
256868 3.003
256869 0.115
256926 0.113
256936 2.270
256941 0.891
257394 0.124
257395 0.053
257396 0.849
257397 0.455
257399 1.001
257400 3.911
257461 0.188
257487 4.860
257490 2.487
257531 0.639
257599 0.377
257613 5.739
257614 0.064
257645 4.742
257682 1.984
257722 0.125
257723 0.917
257735 0.071
257751 2.064
257804 0.021
257805 1.299
257816 1.845
257819 1.148
257822 5.664
257823 0.627
257968 1.282
257969 2.983
258129 0.440
258136 0.274
258157 0.364
258158 8.024
258159 1.932
258177 8.837
258211 0.003
258213 0.827
258214 1.170
258215 0.032
258287 1.019
258403 1.139
258425 0.782
258426 0.058
258427 0.607
258428 1.786
258432 0.021
258434 2.332
258440 3.404
258443 1.266
258444 0.550
258445 1.241
258446 0.565
258448 2.692
258655 0.017
258656 1.792
258694 0.692
258702 1.316
258703 2.240
258705 0.587
258706 4.007
258712 2.637
258713 0.776
258714 0.319
258741 0.204
258742 2.724
258745 0.951
258749 2.053
258750 0.789
259626 1.608
259637 1.127
259681 0.084
259682 0.010
259683 0.330
259685 2.927
259686 1.955
259721 1.783
259809 0.599
259810 0.433
259811 0.546
259813 0.053
259817 0.026
259818 0.944
259820 0.738
259821 1.156
259822 1.532
259861 0.580
259862 2.575
259884 0.360
259890 0.647
259891 0.686
260373 1.569
260424 2.796
260425 1.118
260426 1.849
260427 1.514
260431 2.509
260528 0.000
260532 3.058
260533 0.085
260534 2.289
260536 1.081
260538 1.598
260541 0.131
260575 0.072
260576 2.148
260577 0.344
260593 1.496
260627 6.906
254227 0.238
254231 0.033
254232 0.109
254790 2.283
254852 0.157
254879 0.360
254905 0.622
254906 0.224
254907 0.153
254914 0.009
256630 0.073
256673 0.000
256674 0.007
256675 0.552
256676 3.241
256677 1.163
256729 5.011
256734 0.538
256801 0.664
256842 0.001
256843 3.792
256866 0.004
256867 0.600
256868 3.003
256869 0.115
256926 0.113
256936 2.270
256941 0.891
257394 0.124
257395 0.053
257396 0.849
257397 0.455
257399 1.001
257400 3.911
257461 0.185
257487 4.860
257490 2.487
257531 0.639
257599 0.377
257613 5.739
257614 0.064
257645 4.742
257682 1.984
257722 0.125
257723 0.917
257735 0.071
257751 2.064
257804 0.021
257805 1.299
257816 1.845
257819 1.148
257822 5.664
257823 0.627
257968 1.282
257969 2.983
258129 0.440
258136 0.274
258157 0.364
258158 8.024
258159 1.932
258177 8.837
258211 0.069
258213 0.835
258214 1.170
258215 0.032
258287 1.019
258403 1.145
258425 0.782
258426 0.058
258427 0.607
258428 1.786
258432 0.021
258434 2.332
258440 3.404
258443 1.266
258444 0.550
258445 1.241
258446 0.565
258448 2.692
258655 0.016
258656 1.782
258694 0.665
258702 1.264
258703 2.202
258705 0.587
258706 4.007
258712 2.637
258713 0.776
258714 0.319
258741 0.196
258742 2.615
258745 0.913
258749 1.971
258750 0.763
259626 1.612
259637 1.129
259681 0.080
259682 0.010
259683 0.317
259685 2.866
259686 1.955
259721 1.783
259809 0.575
259810 0.416
259811 0.546
259813 0.053
259817 0.026
259818 0.944
259820 0.729
259821 1.156
259822 1.487
259861 0.556
259862 2.535
259884 0.353
259890 0.644
259891 0.686
260373 1.569
260424 2.684
260425 1.073
260426 1.775
260427 1.507
260431 2.509
260528 0.025
260532 2.951
260533 0.085
260534 2.289
260536 1.081
260538 1.598
260541 0.131
260575 0.069
260576 2.062
260577 0.330
260593 1.436
260627 6.710
254227 0.238
254231 0.033
254232 0.109
254790 11.415
254852 0.780
254879 1.798
254905 4.357
254906 1.565
254907 1.071
256630 1.019
256673 0.006
256674 0.097
256675 7.727
256676 45.374
256677 16.283
256729 70.149
256734 7.533
256801 9.289
256842 0.018
256843 53.086
256866 0.060
256867 4.884
256868 23.677
256869 1.613
256926 1.560
256936 31.776
256941 12.474
257394 1.736
257395 0.748
257396 11.886
257397 6.372
257399 14.021
257400 54.748
257461 2.502
257487 68.042
257490 34.821
257531 8.953
257599 5.278
257613 80.351
257614 0.899
257645 66.385
257682 14.060
257722 0.874
257723 6.416
257735 0.494
257751 28.892
257804 0.226
257805 18.192
257816 25.831
257819 16.070
257822 79.302
257823 8.785
257968 17.948
257969 41.763
258129 6.161
258136 3.834
258157 4.130
258158 112.331
258159 27.042
258177 123.717
258213 11.567
258214 16.374
258215 0.444
258287 14.271
258403 15.942
258425 10.949
258426 0.809
258427 8.498
258428 25.004
258432 0.299
258434 32.645
258440 47.655
258443 17.718
258444 7.705
258445 17.379
258446 7.907
258448 37.691
258655 0.206
258656 24.590
258694 8.307
258702 15.797
258703 29.450
258705 8.216
258706 56.093
258712 36.912
258713 10.869
258714 4.463
258741 2.450
258742 32.686
258745 11.408
258749 24.632
258750 7.734
259626 11.254
259637 15.771
259681 1.003
259682 0.121
259683 3.957
259685 37.965
259686 27.371
259721 12.483
259809 7.185
259810 5.251
259811 7.640
259813 0.746
259817 0.363
259818 13.212
259820 9.886
259821 16.180
259822 19.170
259861 6.956
259862 34.056
259884 4.697
259890 8.894
259891 9.603
260373 10.981
260424 33.553
260425 13.415
260426 22.188
260427 20.840
260431 35.127
260532 37.474
260533 1.195
260534 32.044
260536 15.129
260538 22.369
260541 1.830
260575 0.861
260576 25.771
260577 4.126
260593 17.947
260627 82.870
254227 0.238
254231 0.033
254232 0.109
254790 11.415
254852 0.899
254879 1.798
254905 4.357
254906 1.565
254907 1.071
254914 0.923
256630 1.019
256673 0.006
256674 0.097
256675 7.727
256676 45.374
256677 16.283
256729 70.149
256734 7.533
256801 9.289
256842 0.018
256843 53.086
256866 0.060
256867 4.884
256868 23.677
256869 1.613
256926 1.708
256936 31.776
256941 12.474
257394 1.736
257395 0.748
257396 11.886
257397 6.372
257399 14.021
257400 54.748
257461 3.273
257487 68.042
257490 34.821
257531 8.953
257599 5.278
257613 80.351
257614 0.899
257645 66.385
257682 14.060
257722 0.874
257723 6.416
257735 0.576
257751 28.892
257804 0.226
257805 18.192
257816 25.831
257819 16.070
257822 79.302
257823 8.785
257968 17.948
257969 41.763
258129 6.161
258136 3.834
258157 4.130
258158 112.331
258159 27.042
258177 123.717
258211 6.900
258213 12.448
258214 16.374
258215 0.444
258287 14.271
258403 16.555
258425 10.949
258426 0.809
258427 8.498
258428 25.004
258432 0.299
258434 32.645
258440 47.655
258443 17.718
258444 7.705
258445 17.379
258446 7.907
258448 37.691
258655 0.412
258656 27.562
258694 16.613
258702 31.593
258703 40.926
258705 8.216
258706 56.093
258712 36.912
258713 10.869
258714 4.463
258741 4.899
258742 65.373
258745 22.816
258749 49.264
258750 15.311
259626 11.712
259637 15.989
259681 2.006
259682 0.243
259683 7.914
259685 56.013
259686 27.371
259721 12.483
259809 14.370
259810 10.075
259811 7.640
259813 0.746
259817 0.363
259818 13.212
259820 12.560
259821 16.180
259822 32.870
259861 13.912
259862 46.033
259884 6.731
259890 9.883
259891 9.603
260373 10.981
260424 67.105
260425 26.829
260426 44.375
260427 22.994
260431 35.127
260528 2.536
260532 69.528
260533 1.195
260534 32.044
260536 15.129
260538 22.369
260541 1.830
260575 1.722
260576 51.541
260577 8.252
260593 35.893
260627 179.815
254227 0.238
254231 0.033
254232 0.109
254790 11.415
254852 0.899
254879 1.798
254905 4.357
254906 1.565
254907 1.071
254914 0.923
256630 1.019
256673 0.006
256674 0.097
256675 7.727
256676 45.374
256677 16.283
256729 70.149
256734 7.533
256801 9.289
256842 0.018
256843 53.086
256866 0.060
256867 4.884
256868 23.677
256869 1.613
256926 1.708
256936 31.776
256941 12.474
257394 1.736
257395 0.748
257396 11.886
257397 6.372
257399 14.021
257400 54.748
257461 3.273
257487 68.042
257490 34.821
257531 8.953
257599 5.278
257613 80.351
257614 0.899
257645 66.385
257682 14.060
257722 0.874
257723 6.416
257735 0.576
257751 28.892
257804 0.226
257805 18.192
257816 25.831
257819 16.070
257822 79.302
257823 8.785
257968 17.948
257969 41.763
258129 6.161
258136 3.834
258157 4.130
258158 112.331
258159 27.042
258177 123.717
258211 6.900
258213 12.448
258214 16.374
258215 0.444
258287 14.271
258403 16.555
258425 10.949
258426 0.809
258427 8.498
258428 25.004
258432 0.299
258434 32.645
258440 47.655
258443 17.718
258444 7.705
258445 17.379
258446 7.907
258448 37.691
258655 0.412
258656 27.562
258694 16.613
258702 31.593
258703 40.926
258705 8.216
258706 56.093
258712 36.912
258713 10.869
258714 4.463
258741 4.899
258742 65.373
258745 22.816
258749 49.264
258750 15.311
259626 11.712
259637 15.989
259681 2.006
259682 0.243
259683 7.914
259685 56.013
259686 27.371
259721 12.483
259809 14.370
259810 10.075
259811 7.640
259813 0.746
259817 0.363
259818 13.212
259820 12.560
259821 16.180
259822 32.870
259861 13.912
259862 46.033
259884 6.731
259890 9.883
259891 9.603
260373 10.981
260424 67.105
260425 26.829
260426 44.375
260427 22.994
260431 35.127
260528 2.536
260532 69.528
260533 1.195
260534 32.044
260536 15.129
260538 22.369
260541 1.830
260575 1.722
260576 51.541
260577 8.252
260593 35.893
260627 179.815
254227 0.238
254231 0.033
254232 0.109
254790 11.415
254852 0.780
254879 1.798
254905 4.357
254906 1.565
254907 1.071
256630 1.019
256673 0.006
256674 0.097
256675 7.727
256676 45.374
256677 16.283
256729 70.149
256734 7.533
256801 9.289
256842 0.018
256843 53.086
256866 0.060
256867 4.884
256868 23.677
256869 1.613
256926 1.708
256936 31.776
256941 12.474
257394 1.736
257395 0.748
257396 11.886
257397 6.372
257399 14.021
257400 54.748
257461 3.273
257487 68.042
257490 34.821
257531 8.953
257599 5.278
257613 80.351
257614 0.899
257645 66.385
257682 14.060
257722 0.874
257723 6.416
257735 0.494
257751 28.892
257804 0.226
257805 18.192
257816 25.831
257819 16.070
257822 79.302
257823 8.785
257968 17.948
257969 41.763
258129 6.161
258136 3.834
258157 4.130
258158 112.331
258159 27.042
258177 123.717
258213 11.567
258214 16.374
258215 0.444
258287 14.271
258403 15.942
258425 10.949
258426 0.809
258427 8.498
258428 25.004
258432 0.299
258434 32.645
258440 47.655
258443 17.718
258444 7.705
258445 17.379
258446 7.907
258448 37.691
258655 0.412
258656 27.562
258694 16.613
258702 31.593
258703 40.926
258705 8.216
258706 56.093
258712 36.912
258713 10.869
258714 4.463
258741 4.899
258742 65.373
258745 22.816
258749 49.264
258750 15.311
259626 11.254
259637 15.771
259681 2.006
259682 0.243
259683 7.914
259685 56.013
259686 27.371
259721 12.483
259809 14.370
259810 10.075
259811 7.640
259813 0.746
259817 0.363
259818 13.212
259820 12.560
259821 16.180
259822 32.870
259861 13.912
259862 46.033
259884 6.731
259890 9.883
259891 9.603
260373 10.981
260424 67.105
260425 26.829
260426 44.375
260427 22.994
260431 35.127
260532 69.528
260533 1.195
260534 32.044
260536 15.129
260538 22.369
260541 1.830
260575 1.722
260576 51.541
260577 8.252
260593 35.893
260627 179.815
254227 0.238
254231 0.033
254232 0.109
254790 11.415
254852 0.899
254879 1.798
254905 4.357
254906 1.565
254907 1.071
254914 0.923
256630 1.019
256673 0.006
256674 0.097
256675 7.727
256676 45.374
256677 16.283
256729 70.149
256734 7.533
256801 9.289
256842 0.018
256843 53.086
256866 0.060
256867 4.884
256868 23.677
256869 1.613
256926 1.708
256936 31.776
256941 12.474
257394 1.736
257395 0.748
257396 11.886
257397 6.372
257399 14.021
257400 54.748
257461 3.273
257487 68.042
257490 34.821
257531 8.953
257599 5.278
257613 80.351
257614 0.899
257645 66.385
257682 14.060
257722 0.874
257723 6.416
257735 0.576
257751 28.892
257804 0.226
257805 18.192
257816 25.831
257819 16.070
257822 79.302
257823 8.785
257968 17.948
257969 41.763
258129 6.161
258136 3.834
258157 4.130
258158 112.331
258159 27.042
258177 123.717
258211 6.900
258213 12.448
258214 16.374
258215 0.444
258287 14.271
258403 16.555
258425 10.949
258426 0.809
258427 8.498
258428 25.004
258432 0.299
258434 32.645
258440 47.655
258443 17.718
258444 7.705
258445 17.379
258446 7.907
258448 37.691
258655 0.412
258656 27.562
258694 16.613
258702 31.593
258703 40.926
258705 8.216
258706 56.093
258712 36.912
258713 10.869
258714 4.463
258741 4.899
258742 65.373
258745 22.816
258749 49.264
258750 15.311
259626 11.712
259637 15.989
259681 2.006
259682 0.243
259683 7.914
259685 56.013
259686 27.371
259721 12.483
259809 14.370
259810 10.075
259811 7.640
259813 0.746
259817 0.363
259818 13.212
259820 12.560
259821 16.180
259822 32.870
259861 13.912
259862 46.033
259884 6.731
259890 9.883
259891 9.603
260373 10.981
260424 67.105
260425 26.829
260426 44.375
260427 22.994
260431 35.127
260528 2.536
260532 69.528
260533 1.195
260534 32.044
260536 15.129
260538 22.369
260541 1.830
260575 1.722
260576 51.541
260577 8.252
260593 35.893
260627 179.815
254227 0.238
254231 0.033
254232 0.109
254790 0.815
254852 0.056
254879 0.128
254905 0.218
254906 0.078
254907 0.054
254914 0.003
256630 0.017
256673 0.000
256674 0.002
256675 0.129
256676 0.756
256677 0.271
256729 1.169
256734 0.126
256801 0.155
256842 0.000
256843 0.885
256866 0.001
256867 0.140
256868 0.701
256869 0.027
256926 0.026
256936 0.530
256941 0.208
257394 0.029
257395 0.012
257396 0.198
257397 0.106
257399 0.234
257400 0.912
257461 0.044
257487 1.134
257490 0.580
257531 0.149
257599 0.088
257613 1.339
257614 0.015
257645 1.106
257682 0.463
257722 0.029
257723 0.214
257735 0.017
257751 0.482
257804 0.005
257805 0.303
257816 0.431
257819 0.268
257822 1.322
257823 0.146
257968 0.299
257969 0.696
258129 0.103
258136 0.064
258157 0.142
258158 1.872
258159 0.451
258177 2.062
258211 0.023
258213 0.196
258214 0.273
258215 0.007
258287 0.238
258403 0.268
258425 0.182
258426 0.013
258427 0.142
258428 0.417
258432 0.005
258434 0.544
258440 0.794
258443 0.295
258444 0.128
258445 0.290
258446 0.132
258448 0.628
258655 0.004
258656 0.417
258694 0.158
258702 0.301
258703 0.518
258705 0.137
258706 0.935
258712 0.615
258713 0.181
258714 0.074
258741 0.047
258742 0.623
258745 0.217
258749 0.469
258750 0.301
259626 0.377
259637 0.264
259681 0.019
259682 0.002
259683 0.075
259685 0.676
259686 0.456
259721 0.416
259809 0.137
259810 0.099
259811 0.127
259813 0.012
259817 0.006
259818 0.220
259820 0.171
259821 0.270
259822 0.352
259861 0.132
259862 0.596
259884 0.083
259890 0.151
259891 0.160
260373 0.366
260424 0.639
260425 0.256
260426 0.423
260427 0.352
260431 0.585
260528 0.008
260532 0.701
260533 0.020
260534 0.534
260536 0.252
260538 0.373
260541 0.030
260575 0.016
260576 0.491
260577 0.079
260593 0.342
260627 1.592
254227 0.238
254231 0.033
254232 0.109
254790 11.415
254852 0.780
254879 1.798
254905 4.357
254906 1.565
254907 1.071
256630 1.019
256673 0.006
256674 0.097
256675 7.727
256676 45.374
256677 16.283
256729 70.149
256734 7.533
256801 9.289
256842 0.018
256843 53.086
256866 0.060
256867 4.884
256868 23.677
256869 1.613
256926 1.708
256936 31.776
256941 12.474
257394 1.736
257395 0.748
257396 11.886
257397 6.372
257399 14.021
257400 54.748
257461 3.273
257487 68.042
257490 34.821
257531 8.953
257599 5.278
257613 80.351
257614 0.899
257645 66.385
257682 14.060
257722 0.874
257723 6.416
257735 0.494
257751 28.892
257804 0.226
257805 18.192
257816 25.831
257819 16.070
257822 79.302
257823 8.785
257968 17.948
257969 41.763
258129 6.161
258136 3.834
258157 4.130
258158 112.331
258159 27.042
258177 123.717
258213 11.567
258214 16.374
258215 0.444
258287 14.271
258403 15.942
258425 10.949
258426 0.809
258427 8.498
258428 25.004
258432 0.299
258434 32.645
258440 47.655
258443 17.718
258444 7.705
258445 17.379
258446 7.907
258448 37.691
258655 0.412
258656 27.562
258694 16.613
258702 31.593
258703 40.926
258705 8.216
258706 56.093
258712 36.912
258713 10.869
258714 4.463
258741 4.899
258742 65.373
258745 22.816
258749 49.264
258750 15.311
259626 11.254
259637 15.771
259681 2.006
259682 0.243
259683 7.914
259685 56.013
259686 27.371
259721 12.483
259809 14.370
259810 10.075
259811 7.640
259813 0.746
259817 0.363
259818 13.212
259820 12.560
259821 16.180
259822 32.870
259861 13.912
259862 46.033
259884 6.731
259890 9.883
259891 9.603
260373 10.981
260424 67.105
260425 26.829
260426 44.375
260427 22.994
260431 35.127
260532 69.528
260533 1.195
260534 32.044
260536 15.129
260538 22.369
260541 1.830
260575 1.722
260576 51.541
260577 8.252
260593 35.893
260627 179.815
254227 0.238
254231 0.033
254232 0.109
254790 11.415
254852 0.780
254879 1.798
254905 4.357
254906 1.565
254907 1.071
256630 1.019
256673 0.006
256674 0.097
256675 7.727
256676 45.374
256677 16.283
256729 70.149
256734 7.533
256801 9.289
256842 0.018
256843 53.086
256866 0.060
256867 4.884
256868 23.677
256869 1.613
256926 1.708
256936 31.776
256941 12.474
257394 1.736
257395 0.748
257396 11.886
257397 6.372
257399 14.021
257400 54.748
257461 3.273
257487 68.042
257490 34.821
257531 8.953
257599 5.278
257613 80.351
257614 0.899
257645 66.385
257682 14.060
257722 0.874
257723 6.416
257735 0.494
257751 28.892
257804 0.226
257805 18.192
257816 25.831
257819 16.070
257822 79.302
257823 8.785
257968 17.948
257969 41.763
258129 6.161
258136 3.834
258157 4.130
258158 112.331
258159 27.042
258177 123.717
258213 11.567
258214 16.374
258215 0.444
258287 14.271
258403 15.942
258425 10.949
258426 0.809
258427 8.498
258428 25.004
258432 0.299
258434 32.645
258440 47.655
258443 17.718
258444 7.705
258445 17.379
258446 7.907
258448 37.691
258655 0.412
258656 27.562
258694 16.613
258702 31.593
258703 40.926
258705 8.216
258706 56.093
258712 36.912
258713 10.869
258714 4.463
258741 4.899
258742 65.373
258745 22.816
258749 49.264
258750 15.311
259626 11.254
259637 15.771
259681 2.006
259682 0.243
259683 7.914
259685 56.013
259686 27.371
259721 12.483
259809 14.370
259810 10.075
259811 7.640
259813 0.746
259817 0.363
259818 13.212
259820 12.560
259821 16.180
259822 32.870
259861 13.912
259862 46.033
259884 6.731
259890 9.883
259891 9.603
260373 10.981
260424 67.105
260425 26.829
260426 44.375
260427 22.994
260431 35.127
260532 69.528
260533 1.195
260534 32.044
260536 15.129
260538 22.369
260541 1.830
260575 1.722
260576 51.541
260577 8.252
260593 35.893
260627 179.815
