254227 0.238
254231 0.033
254232 0.109
254790 11.415
254852 0.780
254879 1.798
254905 4.357
254906 1.565
254907 1.071
256630 1.019
256673 0.006
256674 0.097
256675 7.727
256676 45.374
256677 16.283
256729 70.149
256734 7.533
256801 9.289
256842 0.018
256843 53.086
256866 0.060
256867 4.884
256868 23.677
256869 1.613
256926 1.708
256936 31.776
256941 12.474
257394 1.736
257395 0.748
257396 11.886
257397 6.372
257399 14.021
257400 54.748
257461 3.273
257487 68.042
257490 34.821
257531 8.953
257599 5.278
257613 80.351
257614 0.899
257645 66.385
257682 14.060
257722 0.874
257723 6.416
257735 0.494
257751 28.892
257804 0.226
257805 18.192
257816 25.831
257819 16.070
257822 79.302
257823 8.785
257968 17.948
257969 41.763
258129 6.161
258136 3.834
258157 4.130
258158 112.331
258159 27.042
258177 123.717
258213 11.567
258214 16.374
258215 0.444
258287 14.271
258403 15.942
258425 10.949
258426 0.809
258427 8.498
258428 25.004
258432 0.299
258434 32.645
258440 47.655
258443 17.718
258444 7.705
258445 17.379
258446 7.907
258448 37.691
258655 0.412
258656 27.562
258694 16.613
258702 31.593
258703 40.926
258705 8.216
258706 56.093
258712 36.912
258713 10.869
258714 4.463
258741 4.899
258742 65.373
258745 22.816
258749 49.264
258750 15.311
259626 11.254
259637 15.771
259681 2.006
259682 0.243
259683 7.914
259685 56.013
259686 27.371
259721 12.483
259809 14.370
259810 10.075
259811 7.640
259813 0.746
259817 0.363
259818 13.212
259820 12.560
259821 16.180
259822 32.870
259861 13.912
259862 46.033
259884 6.731
259890 9.883
259891 9.603
260373 10.981
260424 67.105
260425 26.829
260426 44.375
260427 22.994
260431 35.127
260532 69.528
260533 1.195
260534 32.044
260536 15.129
260538 22.369
260541 1.830
260575 1.722
260576 51.541
260577 8.252
260593 35.893
260627 179.815
