254227 0.238
254231 0.033
254232 0.109
254790 11.405
254852 0.781
254879 1.801
254905 4.386
254906 1.575
254907 1.078
254914 0.009
256630 1.004
256673 0.006
256674 0.050
256675 7.824
256676 70.284
256677 16.344
256729 70.129
256734 7.496
256801 9.279
256843 53.022
256866 0.061
256867 4.868
256868 23.599
256869 1.605
256926 1.710
256936 31.637
256941 12.389
257394 1.746
257395 0.751
257396 11.912
257397 6.383
257399 14.017
257400 54.628
257461 3.279
257487 67.930
257490 34.600
257531 8.966
257599 5.284
257613 79.886
257614 0.885
257645 66.159
257682 13.899
257722 0.870
257723 6.364
257735 0.497
257751 28.659
257804 0.221
257805 18.130
257816 25.703
257819 15.954
257822 78.575
257823 8.688
257968 17.887
257969 41.561
258129 6.160
258136 3.830
258157 4.132
258158 111.979
258159 26.862
258177 123.307
258211 0.068
258213 11.470
258214 16.305
258215 0.441
258287 14.305
258403 15.856
258425 10.906
258426 0.805
258427 8.437
258428 24.824
258432 0.298
258434 32.382
258440 47.245
258443 17.483
258444 7.564
258445 17.131
258446 7.763
258448 37.429
258655 0.413
258656 27.516
258694 16.578
258702 31.536
258703 40.944
258705 8.214
258706 56.059
258712 36.785
258713 10.854
258714 4.454
258741 4.924
258742 65.382
258745 22.766
258749 49.069
258750 15.232
259626 11.188
259637 15.646
259681 2.002
259682 0.182
259683 7.889
259685 55.718
259686 27.145
259721 12.407
259809 14.301
259810 9.991
259811 7.579
259813 0.737
259817 0.355
259818 13.093
259820 12.418
259821 16.015
259822 32.870
259861 13.734
259862 45.623
259884 6.661
259890 9.738
259891 9.457
260373 10.837
260424 66.709
260425 26.506
260426 43.955
260427 22.680
260431 34.602
260528 0.024
260532 68.384
260533 1.090
260534 31.529
260536 14.894
260538 22.020
260541 1.792
260575 1.686
260576 50.960
260577 8.154
260593 35.498
260627 178.220
254227 0.238
254231 0.033
254232 0.109
254790 11.405
254852 0.780
254879 1.801
254905 4.386
254906 1.575
254907 1.078
256630 1.004
256673 0.006
256674 0.050
256675 7.824
256676 70.284
256677 16.344
256729 70.129
256734 7.496
256801 9.279
256843 53.022
256866 0.061
256867 4.868
256868 23.599
256869 1.605
256926 1.710
256936 31.637
256941 12.389
257394 1.746
257395 0.751
257396 11.912
257397 6.383
257399 14.017
257400 54.628
257461 3.279
257487 67.930
257490 34.600
257531 8.966
257599 5.284
257613 79.886
257614 0.885
257645 66.159
257682 13.899
257722 0.870
257723 6.364
257735 0.496
257751 28.659
257804 0.221
257805 18.130
257816 25.703
257819 15.954
257822 78.575
257823 8.688
257968 17.887
257969 41.561
258129 6.160
258136 3.830
258157 4.132
258158 111.979
258159 26.862
258177 123.307
258213 11.461
258214 16.305
258215 0.441
258287 14.305
258403 15.850
258425 10.906
258426 0.805
258427 8.437
258428 24.824
258432 0.298
258434 32.382
258440 47.245
258443 17.483
258444 7.564
258445 17.131
258446 7.763
258448 37.429
258655 0.413
258656 27.516
258694 16.578
258702 31.536
258703 40.944
258705 8.214
258706 56.059
258712 36.785
258713 10.854
258714 4.454
258741 4.924
258742 65.382
258745 22.766
258749 49.069
258750 15.232
259626 11.184
259637 15.643
259681 2.002
259682 0.182
259683 7.889
259685 55.718
259686 27.145
259721 12.407
259809 14.301
259810 9.991
259811 7.579
259813 0.737
259817 0.355
259818 13.093
259820 12.418
259821 16.015
259822 32.870
259861 13.734
259862 45.623
259884 6.661
259890 9.738
259891 9.457
260373 10.837
260424 66.709
260425 26.506
260426 43.955
260427 22.680
260431 34.602
260532 68.384
260533 1.090
260534 31.529
260536 14.894
260538 22.020
260541 1.792
260575 1.686
260576 50.960
260577 8.154
260593 35.498
260627 178.220
254227 0.238
254231 0.033
254232 0.109
254790 11.405
254852 0.781
254879 1.801
254905 4.386
254906 1.575
254907 1.078
254914 0.009
256630 1.004
256673 0.006
256674 0.050
256675 7.824
256676 70.284
256677 16.344
256729 70.129
256734 7.496
256801 9.279
256843 53.022
256866 0.061
256867 4.868
256868 23.599
256869 1.605
256926 1.710
256936 31.637
256941 12.389
257394 1.746
257395 0.751
257396 11.912
257397 6.383
257399 14.017
257400 54.628
257461 3.279
257487 67.930
257490 34.600
257531 8.966
257599 5.284
257613 79.886
257614 0.885
257645 66.159
257682 13.899
257722 0.870
257723 6.364
257735 0.497
257751 28.659
257804 0.221
257805 18.130
257816 25.703
257819 15.954
257822 78.575
257823 8.688
257968 17.887
257969 41.561
258129 6.160
258136 3.830
258157 4.132
258158 111.979
258159 26.862
258177 123.307
258211 0.068
258213 11.470
258214 16.305
258215 0.441
258287 14.305
258403 15.856
258425 10.906
258426 0.805
258427 8.437
258428 24.824
258432 0.298
258434 32.382
258440 47.245
258443 17.483
258444 7.564
258445 17.131
258446 7.763
258448 37.429
258655 0.413
258656 27.516
258694 16.578
258702 31.536
258703 40.944
258705 8.214
258706 56.059
258712 36.785
258713 10.854
258714 4.454
258741 4.924
258742 65.382
258745 22.766
258749 49.069
258750 15.232
259626 11.188
259637 15.646
259681 2.002
259682 0.182
259683 7.889
259685 55.718
259686 27.145
259721 12.407
259809 14.301
259810 9.991
259811 7.579
259813 0.737
259817 0.355
259818 13.093
259820 12.418
259821 16.015
259822 32.870
259861 13.734
259862 45.623
259884 6.661
259890 9.738
259891 9.457
260373 10.837
260424 66.709
260425 26.506
260426 43.955
260427 22.680
260431 34.602
260528 0.024
260532 68.384
260533 1.090
260534 31.529
260536 14.894
260538 22.020
260541 1.792
260575 1.686
260576 50.960
260577 8.154
260593 35.498
260627 178.220
254227 0.238
254231 0.033
254232 0.109
254790 2.281
254852 0.156
254879 0.360
254905 0.627
254906 0.225
254907 0.154
254914 0.000
256630 0.072
256673 0.000
256674 0.004
256675 0.559
256676 5.020
256677 1.167
256729 5.009
256734 0.535
256801 0.663
256843 3.787
256866 0.004
256867 0.598
256868 2.993
256869 0.115
256926 0.113
256936 2.260
256941 0.885
257394 0.125
257395 0.054
257396 0.851
257397 0.456
257399 1.001
257400 3.902
257461 0.188
257487 4.852
257490 2.471
257531 0.640
257599 0.377
257613 5.706
257614 0.063
257645 4.726
257682 1.961
257722 0.124
257723 0.909
257735 0.071
257751 2.047
257804 0.021
257805 1.295
257816 1.836
257819 1.140
257822 5.613
257823 0.621
257968 1.278
257969 2.969
258129 0.440
258136 0.274
258157 0.364
258158 7.998
258159 1.919
258177 8.808
258211 0.003
258213 0.819
258214 1.165
258215 0.032
258287 1.022
258403 1.132
258425 0.779
258426 0.057
258427 0.603
258428 1.773
258432 0.021
258434 2.313
258440 3.375
258443 1.249
258444 0.540
258445 1.224
258446 0.555
258448 2.674
258655 0.017
258656 1.789
258694 0.691
258702 1.314
258703 2.241
258705 0.587
258706 4.004
258712 2.627
258713 0.775
258714 0.318
258741 0.205
258742 2.724
258745 0.949
258749 2.045
258750 0.785
259626 1.598
259637 1.117
259681 0.083
259682 0.008
259683 0.329
259685 2.910
259686 1.939
259721 1.772
259809 0.596
259810 0.429
259811 0.541
259813 0.053
259817 0.025
259818 0.935
259820 0.730
259821 1.144
259822 1.532
259861 0.572
259862 2.552
259884 0.356
259890 0.638
259891 0.676
260373 1.548
260424 2.780
260425 1.104
260426 1.831
260427 1.493
260431 2.472
260528 0.000
260532 3.006
260533 0.078
260534 2.252
260536 1.064
260538 1.573
260541 0.128
260575 0.070
260576 2.123
260577 0.340
260593 1.479
260627 6.845
254227 0.238
254231 0.033
254232 0.109
254790 2.281
254852 0.157
254879 0.360
254905 0.627
254906 0.225
254907 0.154
254914 0.009
256630 0.072
256673 0.000
256674 0.004
256675 0.559
256676 5.020
256677 1.167
256729 5.009
256734 0.535
256801 0.663
256843 3.787
256866 0.004
256867 0.598
256868 2.993
256869 0.115
256926 0.113
256936 2.260
256941 0.885
257394 0.125
257395 0.054
257396 0.851
257397 0.456
257399 1.001
257400 3.902
257461 0.186
257487 4.852
257490 2.471
257531 0.640
257599 0.377
257613 5.706
257614 0.063
257645 4.726
257682 1.961
257722 0.124
257723 0.909
257735 0.072
257751 2.047
257804 0.021
257805 1.295
257816 1.836
257819 1.140
257822 5.613
257823 0.621
257968 1.278
257969 2.969
258129 0.440
258136 0.274
258157 0.364
258158 7.998
258159 1.919
258177 8.808
258211 0.068
258213 0.827
258214 1.165
258215 0.032
258287 1.022
258403 1.138
258425 0.779
258426 0.057
258427 0.603
258428 1.773
258432 0.021
258434 2.313
258440 3.375
258443 1.249
258444 0.540
258445 1.224
258446 0.555
258448 2.674
258655 0.017
258656 1.779
258694 0.663
258702 1.261
258703 2.203
258705 0.587
258706 4.004
258712 2.627
258713 0.775
258714 0.318
258741 0.197
258742 2.615
258745 0.911
258749 1.963
258750 0.760
259626 1.602
259637 1.120
259681 0.080
259682 0.007
259683 0.316
259685 2.851
259686 1.939
259721 1.772
259809 0.572
259810 0.413
259811 0.541
259813 0.053
259817 0.025
259818 0.935
259820 0.721
259821 1.144
259822 1.487
259861 0.549
259862 2.513
259884 0.349
259890 0.634
259891 0.676
260373 1.548
260424 2.668
260425 1.060
260426 1.758
260427 1.486
260431 2.472
260528 0.024
260532 2.900
260533 0.078
260534 2.252
260536 1.064
260538 1.573
260541 0.128
260575 0.067
260576 2.038
260577 0.326
260593 1.420
260627 6.651
254227 0.238
254231 0.033
254232 0.109
254790 11.405
254852 0.780
254879 1.801
254905 4.386
254906 1.575
254907 1.078
256630 1.004
256673 0.006
256674 0.050
256675 7.824
256676 70.284
256677 16.344
256729 70.129
256734 7.496
256801 9.279
256843 53.022
256866 0.061
256867 4.868
256868 23.599
256869 1.605
256926 1.562
256936 31.637
256941 12.389
257394 1.746
257395 0.751
257396 11.912
257397 6.383
257399 14.017
257400 54.628
257461 2.506
257487 67.930
257490 34.600
257531 8.966
257599 5.284
257613 79.886
257614 0.885
257645 66.159
257682 13.899
257722 0.870
257723 6.364
257735 0.496
257751 28.659
257804 0.221
257805 18.130
257816 25.703
257819 15.954
257822 78.575
257823 8.688
257968 17.887
257969 41.561
258129 6.160
258136 3.830
258157 4.132
258158 111.979
258159 26.862
258177 123.307
258213 11.461
258214 16.305
258215 0.441
258287 14.305
258403 15.850
258425 10.906
258426 0.805
258427 8.437
258428 24.824
258432 0.298
258434 32.382
258440 47.245
258443 17.483
258444 7.564
258445 17.131
258446 7.763
258448 37.429
258655 0.207
258656 24.544
258694 8.289
258702 15.768
258703 29.465
258705 8.214
258706 56.059
258712 36.785
258713 10.854
258714 4.454
258741 2.462
258742 32.691
258745 11.383
258749 24.534
258750 7.694
259626 11.184
259637 15.643
259681 1.001
259682 0.091
259683 3.944
259685 37.751
259686 27.145
259721 12.407
259809 7.150
259810 5.207
259811 7.579
259813 0.737
259817 0.355
259818 13.093
259820 9.774
259821 16.015
259822 19.170
259861 6.867
259862 33.754
259884 4.648
259890 8.765
259891 9.457
260373 10.837
260424 33.354
260425 13.253
260426 21.978
260427 20.547
260431 34.602
260532 36.817
260533 1.090
260534 31.529
260536 14.894
260538 22.020
260541 1.792
260575 0.843
260576 25.480
260577 4.077
260593 17.749
260627 82.138
254227 0.238
254231 0.033
254232 0.109
254790 11.405
254852 0.899
254879 1.801
254905 4.386
254906 1.575
254907 1.078
254914 0.927
256630 1.004
256673 0.006
256674 0.050
256675 7.824
256676 70.284
256677 16.344
256729 70.129
256734 7.496
256801 9.279
256843 53.022
256866 0.061
256867 4.868
256868 23.599
256869 1.605
256926 1.710
256936 31.637
256941 12.389
257394 1.746
257395 0.751
257396 11.912
257397 6.383
257399 14.017
257400 54.628
257461 3.279
257487 67.930
257490 34.600
257531 8.966
257599 5.284
257613 79.886
257614 0.885
257645 66.159
257682 13.899
257722 0.870
257723 6.364
257735 0.577
257751 28.659
257804 0.221
257805 18.130
257816 25.703
257819 15.954
257822 78.575
257823 8.688
257968 17.887
257969 41.561
258129 6.160
258136 3.830
258157 4.132
258158 111.979
258159 26.862
258177 123.307
258211 6.796
258213 12.328
258214 16.305
258215 0.441
258287 14.305
258403 16.456
258425 10.906
258426 0.805
258427 8.437
258428 24.824
258432 0.298
258434 32.382
258440 47.245
258443 17.483
258444 7.564
258445 17.131
258446 7.763
258448 37.429
258655 0.413
258656 27.516
258694 16.578
258702 31.536
258703 40.944
258705 8.214
258706 56.059
258712 36.785
258713 10.854
258714 4.454
258741 4.924
258742 65.382
258745 22.766
258749 49.069
258750 15.232
259626 11.640
259637 15.863
259681 2.002
259682 0.182
259683 7.889
259685 55.718
259686 27.145
259721 12.407
259809 14.301
259810 9.991
259811 7.579
259813 0.737
259817 0.355
259818 13.093
259820 12.418
259821 16.015
259822 32.870
259861 13.734
259862 45.623
259884 6.661
259890 9.738
259891 9.457
260373 10.837
260424 66.709
260425 26.506
260426 43.955
260427 22.680
260431 34.602
260528 2.367
260532 68.384
260533 1.090
260534 31.529
260536 14.894
260538 22.020
260541 1.792
260575 1.686
260576 50.960
260577 8.154
260593 35.498
260627 178.220
254227 0.238
254231 0.033
254232 0.109
254790 11.405
254852 0.899
254879 1.801
254905 4.386
254906 1.575
254907 1.078
254914 0.927
256630 1.004
256673 0.006
256674 0.050
256675 7.824
256676 70.284
256677 16.344
256729 70.129
256734 7.496
256801 9.279
256843 53.022
256866 0.061
256867 4.868
256868 23.599
256869 1.605
256926 1.710
256936 31.637
256941 12.389
257394 1.746
257395 0.751
257396 11.912
257397 6.383
257399 14.017
257400 54.628
257461 3.279
257487 67.930
257490 34.600
257531 8.966
257599 5.284
257613 79.886
257614 0.885
257645 66.159
257682 13.899
257722 0.870
257723 6.364
257735 0.577
257751 28.659
257804 0.221
257805 18.130
257816 25.703
257819 15.954
257822 78.575
257823 8.688
257968 17.887
257969 41.561
258129 6.160
258136 3.830
258157 4.132
258158 111.979
258159 26.862
258177 123.307
258211 6.796
258213 12.328
258214 16.305
258215 0.441
258287 14.305
258403 16.456
258425 10.906
258426 0.805
258427 8.437
258428 24.824
258432 0.298
258434 32.382
258440 47.245
258443 17.483
258444 7.564
258445 17.131
258446 7.763
258448 37.429
258655 0.413
258656 27.516
258694 16.578
258702 31.536
258703 40.944
258705 8.214
258706 56.059
258712 36.785
258713 10.854
258714 4.454
258741 4.924
258742 65.382
258745 22.766
258749 49.069
258750 15.232
259626 11.640
259637 15.863
259681 2.002
259682 0.182
259683 7.889
259685 55.718
259686 27.145
259721 12.407
259809 14.301
259810 9.991
259811 7.579
259813 0.737
259817 0.355
259818 13.093
259820 12.418
259821 16.015
259822 32.870
259861 13.734
259862 45.623
259884 6.661
259890 9.738
259891 9.457
260373 10.837
260424 66.709
260425 26.506
260426 43.955
260427 22.680
260431 34.602
260528 2.367
260532 68.384
260533 1.090
260534 31.529
260536 14.894
260538 22.020
260541 1.792
260575 1.686
260576 50.960
260577 8.154
260593 35.498
260627 178.220
254227 0.238
254231 0.033
254232 0.109
254790 11.405
254852 0.780
254879 1.801
254905 4.386
254906 1.575
254907 1.078
256630 1.004
256673 0.006
256674 0.050
256675 7.824
256676 70.284
256677 16.344
256729 70.129
256734 7.496
256801 9.279
256843 53.022
256866 0.061
256867 4.868
256868 23.599
256869 1.605
256926 1.710
256936 31.637
256941 12.389
257394 1.746
257395 0.751
257396 11.912
257397 6.383
257399 14.017
257400 54.628
257461 3.279
257487 67.930
257490 34.600
257531 8.966
257599 5.284
257613 79.886
257614 0.885
257645 66.159
257682 13.899
257722 0.870
257723 6.364
257735 0.496
257751 28.659
257804 0.221
257805 18.130
257816 25.703
257819 15.954
257822 78.575
257823 8.688
257968 17.887
257969 41.561
258129 6.160
258136 3.830
258157 4.132
258158 111.979
258159 26.862
258177 123.307
258213 11.461
258214 16.305
258215 0.441
258287 14.305
258403 15.850
258425 10.906
258426 0.805
258427 8.437
258428 24.824
258432 0.298
258434 32.382
258440 47.245
258443 17.483
258444 7.564
258445 17.131
258446 7.763
258448 37.429
258655 0.413
258656 27.516
258694 16.578
258702 31.536
258703 40.944
258705 8.214
258706 56.059
258712 36.785
258713 10.854
258714 4.454
258741 4.924
258742 65.382
258745 22.766
258749 49.069
258750 15.232
259626 11.184
259637 15.643
259681 2.002
259682 0.182
259683 7.889
259685 55.718
259686 27.145
259721 12.407
259809 14.301
259810 9.991
259811 7.579
259813 0.737
259817 0.355
259818 13.093
259820 12.418
259821 16.015
259822 32.870
259861 13.734
259862 45.623
259884 6.661
259890 9.738
259891 9.457
260373 10.837
260424 66.709
260425 26.506
260426 43.955
260427 22.680
260431 34.602
260532 68.384
260533 1.090
260534 31.529
260536 14.894
260538 22.020
260541 1.792
260575 1.686
260576 50.960
260577 8.154
260593 35.498
260627 178.220
254227 0.238
254231 0.033
254232 0.109
254790 11.405
254852 0.899
254879 1.801
254905 4.386
254906 1.575
254907 1.078
254914 0.927
256630 1.004
256673 0.006
256674 0.050
256675 7.824
256676 70.284
256677 16.344
256729 70.129
256734 7.496
256801 9.279
256843 53.022
256866 0.061
256867 4.868
256868 23.599
256869 1.605
256926 1.710
256936 31.637
256941 12.389
257394 1.746
257395 0.751
257396 11.912
257397 6.383
257399 14.017
257400 54.628
257461 3.279
257487 67.930
257490 34.600
257531 8.966
257599 5.284
257613 79.886
257614 0.885
257645 66.159
257682 13.899
257722 0.870
257723 6.364
257735 0.577
257751 28.659
257804 0.221
257805 18.130
257816 25.703
257819 15.954
257822 78.575
257823 8.688
257968 17.887
257969 41.561
258129 6.160
258136 3.830
258157 4.132
258158 111.979
258159 26.862
258177 123.307
258211 6.796
258213 12.328
258214 16.305
258215 0.441
258287 14.305
258403 16.456
258425 10.906
258426 0.805
258427 8.437
258428 24.824
258432 0.298
258434 32.382
258440 47.245
258443 17.483
258444 7.564
258445 17.131
258446 7.763
258448 37.429
258655 0.413
258656 27.516
258694 16.578
258702 31.536
258703 40.944
258705 8.214
258706 56.059
258712 36.785
258713 10.854
258714 4.454
258741 4.924
258742 65.382
258745 22.766
258749 49.069
258750 15.232
259626 11.640
259637 15.863
259681 2.002
259682 0.182
259683 7.889
259685 55.718
259686 27.145
259721 12.407
259809 14.301
259810 9.991
259811 7.579
259813 0.737
259817 0.355
259818 13.093
259820 12.418
259821 16.015
259822 32.870
259861 13.734
259862 45.623
259884 6.661
259890 9.738
259891 9.457
260373 10.837
260424 66.709
260425 26.506
260426 43.955
260427 22.680
260431 34.602
260528 2.367
260532 68.384
260533 1.090
260534 31.529
260536 14.894
260538 22.020
260541 1.792
260575 1.686
260576 50.960
260577 8.154
260593 35.498
260627 178.220
254227 0.238
254231 0.033
254232 0.109
254790 0.815
254852 0.056
254879 0.129
254905 0.219
254906 0.079
254907 0.054
254914 0.003
256630 0.017
256673 0.000
256674 0.001
256675 0.130
256676 1.171
256677 0.272
256729 1.169
256734 0.125
256801 0.155
256843 0.884
256866 0.001
256867 0.140
256868 0.698
256869 0.027
256926 0.026
256936 0.527
256941 0.206
257394 0.029
257395 0.013
257396 0.199
257397 0.106
257399 0.234
257400 0.910
257461 0.044
257487 1.132
257490 0.577
257531 0.149
257599 0.088
257613 1.331
257614 0.015
257645 1.103
257682 0.458
257722 0.029
257723 0.212
257735 0.017
257751 0.478
257804 0.005
257805 0.302
257816 0.428
257819 0.266
257822 1.310
257823 0.145
257968 0.298
257969 0.693
258129 0.103
258136 0.064
258157 0.142
258158 1.866
258159 0.448
258177 2.055
258211 0.023
258213 0.194
258214 0.272
258215 0.007
258287 0.238
258403 0.266
258425 0.182
258426 0.013
258427 0.141
258428 0.414
258432 0.005
258434 0.540
258440 0.787
258443 0.291
258444 0.126
258445 0.286
258446 0.129
258448 0.624
258655 0.004
258656 0.416
258694 0.158
258702 0.300
258703 0.518
258705 0.137
258706 0.934
258712 0.613
258713 0.181
258714 0.074
258741 0.047
258742 0.623
258745 0.217
258749 0.467
258750 0.300
259626 0.374
259637 0.261
259681 0.019
259682 0.002
259683 0.075
259685 0.672
259686 0.452
259721 0.414
259809 0.136
259810 0.098
259811 0.126
259813 0.012
259817 0.006
259818 0.218
259820 0.169
259821 0.267
259822 0.352
259861 0.131
259862 0.591
259884 0.082
259890 0.148
259891 0.158
260373 0.361
260424 0.635
260425 0.252
260426 0.419
260427 0.348
260431 0.577
260528 0.008
260532 0.689
260533 0.018
260534 0.525
260536 0.248
260538 0.367
260541 0.030
260575 0.016
260576 0.485
260577 0.078
260593 0.338
260627 1.578
254227 0.238
254231 0.033
254232 0.109
254790 11.405
254852 0.780
254879 1.801
254905 4.386
254906 1.575
254907 1.078
256630 1.004
256673 0.006
256674 0.050
256675 7.824
256676 70.284
256677 16.344
256729 70.129
256734 7.496
256801 9.279
256843 53.022
256866 0.061
256867 4.868
256868 23.599
256869 1.605
256926 1.710
256936 31.637
256941 12.389
257394 1.746
257395 0.751
257396 11.912
257397 6.383
257399 14.017
257400 54.628
257461 3.279
257487 67.930
257490 34.600
257531 8.966
257599 5.284
257613 79.886
257614 0.885
257645 66.159
257682 13.899
257722 0.870
257723 6.364
257735 0.496
257751 28.659
257804 0.221
257805 18.130
257816 25.703
257819 15.954
257822 78.575
257823 8.688
257968 17.887
257969 41.561
258129 6.160
258136 3.830
258157 4.132
258158 111.979
258159 26.862
258177 123.307
258213 11.461
258214 16.305
258215 0.441
258287 14.305
258403 15.850
258425 10.906
258426 0.805
258427 8.437
258428 24.824
258432 0.298
258434 32.382
258440 47.245
258443 17.483
258444 7.564
258445 17.131
258446 7.763
258448 37.429
258655 0.413
258656 27.516
258694 16.578
258702 31.536
258703 40.944
258705 8.214
258706 56.059
258712 36.785
258713 10.854
258714 4.454
258741 4.924
258742 65.382
258745 22.766
258749 49.069
258750 15.232
259626 11.184
259637 15.643
259681 2.002
259682 0.182
259683 7.889
259685 55.718
259686 27.145
259721 12.407
259809 14.301
259810 9.991
259811 7.579
259813 0.737
259817 0.355
259818 13.093
259820 12.418
259821 16.015
259822 32.870
259861 13.734
259862 45.623
259884 6.661
259890 9.738
259891 9.457
260373 10.837
260424 66.709
260425 26.506
260426 43.955
260427 22.680
260431 34.602
260532 68.384
260533 1.090
260534 31.529
260536 14.894
260538 22.020
260541 1.792
260575 1.686
260576 50.960
260577 8.154
260593 35.498
260627 178.220
254227 0.238
254231 0.033
254232 0.109
254790 11.405
254852 0.780
254879 1.801
254905 4.386
254906 1.575
254907 1.078
256630 1.004
256673 0.006
256674 0.050
256675 7.824
256676 70.284
256677 16.344
256729 70.129
256734 7.496
256801 9.279
256843 53.022
256866 0.061
256867 4.868
256868 23.599
256869 1.605
256926 1.710
256936 31.637
256941 12.389
257394 1.746
257395 0.751
257396 11.912
257397 6.383
257399 14.017
257400 54.628
257461 3.279
257487 67.930
257490 34.600
257531 8.966
257599 5.284
257613 79.886
257614 0.885
257645 66.159
257682 13.899
257722 0.870
257723 6.364
257735 0.496
257751 28.659
257804 0.221
257805 18.130
257816 25.703
257819 15.954
257822 78.575
257823 8.688
257968 17.887
257969 41.561
258129 6.160
258136 3.830
258157 4.132
258158 111.979
258159 26.862
258177 123.307
258213 11.461
258214 16.305
258215 0.441
258287 14.305
258403 15.850
258425 10.906
258426 0.805
258427 8.437
258428 24.824
258432 0.298
258434 32.382
258440 47.245
258443 17.483
258444 7.564
258445 17.131
258446 7.763
258448 37.429
258655 0.413
258656 27.516
258694 16.578
258702 31.536
258703 40.944
258705 8.214
258706 56.059
258712 36.785
258713 10.854
258714 4.454
258741 4.924
258742 65.382
258745 22.766
258749 49.069
258750 15.232
259626 11.184
259637 15.643
259681 2.002
259682 0.182
259683 7.889
259685 55.718
259686 27.145
259721 12.407
259809 14.301
259810 9.991
259811 7.579
259813 0.737
259817 0.355
259818 13.093
259820 12.418
259821 16.015
259822 32.870
259861 13.734
259862 45.623
259884 6.661
259890 9.738
259891 9.457
260373 10.837
260424 66.709
260425 26.506
260426 43.955
260427 22.680
260431 34.602
260532 68.384
260533 1.090
260534 31.529
260536 14.894
260538 22.020
260541 1.792
260575 1.686
260576 50.960
260577 8.154
260593 35.498
260627 178.220
