254227 0.238
254231 0.033
254232 0.109
254790 11.415
254852 0.780
254879 1.798
254905 4.357
254906 1.565
254907 1.071
256630 1.019
256673 0.006
256674 0.097
256675 7.727
256676 45.374
256677 16.283
256729 70.149
256734 7.533
256801 9.289
256842 0.018
256843 53.086
256866 0.060
256867 4.884
256868 23.677
256869 1.613
256926 1.560
256936 31.776
256941 12.474
257394 1.736
257395 0.748
257396 11.886
257397 6.372
257399 14.021
257400 54.748
257461 2.502
257487 68.042
257490 34.821
257531 8.953
257599 5.278
257613 80.351
257614 0.899
257645 66.385
257682 14.060
257722 0.874
257723 6.416
257735 0.494
257751 28.892
257804 0.226
257805 18.192
257816 25.831
257819 16.070
257822 79.302
257823 8.785
257968 17.948
257969 41.763
258129 6.161
258136 3.834
258157 4.130
258158 112.331
258159 27.042
258177 123.717
258213 11.567
258214 16.374
258215 0.444
258287 14.271
258403 15.942
258425 10.949
258426 0.809
258427 8.498
258428 25.004
258432 0.299
258434 32.645
258440 47.655
258443 17.718
258444 7.705
258445 17.379
258446 7.907
258448 37.691
258655 0.206
258656 24.590
258694 8.307
258702 15.797
258703 29.450
258705 8.216
258706 56.093
258712 36.912
258713 10.869
258714 4.463
258741 2.450
258742 32.686
258745 11.408
258749 24.632
258750 7.734
259626 11.254
259637 15.771
259681 1.003
259682 0.121
259683 3.957
259685 37.965
259686 27.371
259721 12.483
259809 7.185
259810 5.251
259811 7.640
259813 0.746
259817 0.363
259818 13.212
259820 9.886
259821 16.180
259822 19.170
259861 6.956
259862 34.056
259884 4.697
259890 8.894
259891 9.603
260373 10.981
260424 33.553
260425 13.415
260426 22.188
260427 20.840
260431 35.127
260532 37.474
260533 1.195
260534 32.044
260536 15.129
260538 22.369
260541 1.830
260575 0.861
260576 25.771
260577 4.126
260593 17.947
260627 82.870
