254227 0.238
254231 0.033
254232 0.109
254790 11.405
254852 0.780
254879 1.801
254905 4.386
254906 1.575
254907 1.078
256630 1.004
256673 0.006
256674 0.050
256675 7.824
256676 70.284
256677 16.344
256729 70.129
256734 7.496
256801 9.279
256843 53.022
256866 0.061
256867 4.868
256868 23.599
256869 1.605
256926 1.562
256936 31.637
256941 12.389
257394 1.746
257395 0.751
257396 11.912
257397 6.383
257399 14.017
257400 54.628
257461 2.506
257487 67.930
257490 34.600
257531 8.966
257599 5.284
257613 79.886
257614 0.885
257645 66.159
257682 13.899
257722 0.870
257723 6.364
257735 0.496
257751 28.659
257804 0.221
257805 18.130
257816 25.703
257819 15.954
257822 78.575
257823 8.688
257968 17.887
257969 41.561
258129 6.160
258136 3.830
258157 4.132
258158 111.979
258159 26.862
258177 123.307
258213 11.461
258214 16.305
258215 0.441
258287 14.305
258403 15.850
258425 10.906
258426 0.805
258427 8.437
258428 24.824
258432 0.298
258434 32.382
258440 47.245
258443 17.483
258444 7.564
258445 17.131
258446 7.763
258448 37.429
258655 0.207
258656 24.544
258694 8.289
258702 15.768
258703 29.465
258705 8.214
258706 56.059
258712 36.785
258713 10.854
258714 4.454
258741 2.462
258742 32.691
258745 11.383
258749 24.534
258750 7.694
259626 11.184
259637 15.643
259681 1.001
259682 0.091
259683 3.944
259685 37.751
259686 27.145
259721 12.407
259809 7.150
259810 5.207
259811 7.579
259813 0.737
259817 0.355
259818 13.093
259820 9.774
259821 16.015
259822 19.170
259861 6.867
259862 33.754
259884 4.648
259890 8.765
259891 9.457
260373 10.837
260424 33.354
260425 13.253
260426 21.978
260427 20.547
260431 34.602
260532 36.817
260533 1.090
260534 31.529
260536 14.894
260538 22.020
260541 1.792
260575 0.843
260576 25.480
260577 4.077
260593 17.749
260627 82.138
